5.370305680573155271e-01
1.326478381532458228e-01
3.597739487835192596e-01
2.459780299734946607e-01
2.334017373828566055e-01
4.585750323459183431e-01
4.251774109425741632e-01
2.059217407997414040e-01
5.103160580222111387e-01
2.577353828395005479e-03
4.051467889488120644e-01
1.841889437410212660e-01
3.365627262813567500e-01
4.077191495135664145e-01
4.092694598394860384e-01
4.603559129595569122e-01
3.111763420979026806e-01
6.302283383648188408e-02
4.348942523916660696e-01
3.587171429942939138e-01
1.762066986856738182e-01
-5.287000681048133199e-02
4.668834425029167456e-01
1.105402110096867924e-01
-2.577353828395005653e-02
2.061883062716004522e-01
3.561364441238313860e-01
1.121875754271189213e-01
3.500669593595603923e-01
9.793944547901022035e-02
2.978773554444191785e-01
